4667
8759
12980
13324
13646
14042
14081
14213
14521
14541
15206
15728
15923
16101
16102
16141
16353
16639
17764
21217
24228
24230
24277
24279
24378
24614
24701
25123
25309
25506
25570
25813
25962
26287
26448
27589
28358
28377
28379
28396
28431
28462
28466
28501
28762
29003
29069
29080
29102
29108
29126
29128
29135
29137
29138
29142
29153
29161
29340
29440
29488
29510
29512
29532
29536
29546
29556
29560
29569
29574
29591
29626
29638
29645
29661
29666
29669
29693
29847
29940
30314
30315
30410
30417
30436
30439
30442
30453
30471
30557
30601
30631
30643
31015
31019
31023
31024
31061
31079
31201
31331
31510
31513
31516
31535
31554
31557
31620
31634
31639
31647
31709
31749
31750
31771
31788
31825
32055
32096
32322
32340
32348
32351
32420
32425
32427
32433
32435
32455
32462
32619
32686
32693
32702
32784
33322
33404
33417
33440
33513
33523
33538
33702
33711
33759
33771
33801
33805
33823
33830
33841
33859
33868
33870
33873
33881
33890
33898
33903
33917
33935
33982
34207
34222
34266
34428
34448
34449
34482
34601
34602
34652
34788
34974
35033
35062
35063
35072
35085
35121
35150
35160
35546
35565
35570
35580
35672
35771
35901
35951
35952
35954
35959
35980
36010
36049
36053
36083
36104
36201
36271
36274
36310
36323
36353
36376
36420
36421
36477
36523
36726
36804
36853
36874
37322
37381
37385
37727
37811
37847
38024
38040
38049
38111
38112
38255
38315
38321
38341
38343
38463
38472
38483
38485
38541
38606
38701
38756
38865
39095
39111
39114
39194
39213
39339
39341
39350
39365
39401
39443
39483
39648
39652
39666
39667
39730
39735
39743
39823
40312
40374
40456
40508
40769
40962
40965
41002
41093
41144
41164
41179
41314
41472
41501
41522
42021
42127
42320
42408
42409
42602
42633
42728
43906
44103
44120
44505
45732
45812
46208
46953
47424
48202
48207
48215
48657
49031
49047
49098
49304
49309
49332
49349
49410
49444
49455
49765
49801
49911
49920
49935
49938
49969
50060
50268
50541
50574
50583
50833
50853
50859
51243
51640
52590
52626
52632
54515
54546
54651
54664
56083
56123
56129
56151
56164
56180
56208
56223
56237
56284
56296
56297
56531
56569
56633
56649
56725
56735
57216
57262
57315
57375
57381
57437
57601
57625
57638
57735
58237
58529
58573
59337
61102
61427
61832
62082
62242
62450
62801
62806
62821
62849
62853
62859
62864
62896
62930
63468
63559
63624
64109
64461
64473
64624
64633
64658
64683
64752
64779
64831
65024
65026
65236
65257
65261
65263
65323
65360
65550
65555
65588
65605
65785
66403
66521
66701
66720
66725
66736
66743
66783
66833
66935
67005
67022
67045
67070
67124
67140
67335
67337
67357
67361
67530
67576
67669
67749
68352
68370
68629
68714
68718
68778
68852
68853
69347
69350
69356
70438
70512
70528
70560
70578
70582
70607
71019
71040
71055
71202
71232
71235
71251
71254
71269
71292
71334
71343
71366
71449
71463
71486
71602
71652
71655
71665
71701
71730
71753
71762
71913
72020
72047
72112
72461
72638
73002
73014
73015
73018
73092
73439
73447
73463
73521
73542
73572
73701
74003
74010
74020
74027
74029
74048
74056
74058
74072
74085
74331
74333
74338
74342
74346
74365
74366
74369
74370
74432
74437
74441
74455
74462
74470
74523
74525
74561
74563
74578
74647
74729
74735
74743
74759
74766
74824
74826
74860
74868
74871
74881
74884
74940
74957
74966
75021
75109
75110
75143
75148
75156
75169
75418
75428
75435
75446
75460
75474
75482
75494
75559
75561
75603
75638
75681
75692
75706
75766
75770
75831
75835
75847
75862
75925
75935
75944
75946
75964
75973
76031
76272
76351
76380
76424
76432
76444
76458
76622
76629
76637
76641
76664
76671
76673
76692
76821
76932
76945
77021
77320
77351
77357
77358
77535
77541
77625
77630
77640
77705
77957
77995
78003
78022
78025
78065
78073
78119
78141
78332
78363
78368
78393
78542
78552
78572
78583
78586
78596
78629
78643
78801
78840
79036
79065
79316
79331
79336
79549
79556
79567
79601
79720
79764
85119
85120
85131
85344
85356
85602
85624
86409
86442
87416
87420
88044
88119
88124
88401
92241
92256
